0.000000000000000000e+00
6.310563131267364623e-02
1.259597050677175589e-01
1.883116664897178660e-01
2.499129623703083558e-01
3.105180318741688206e-01
3.698852854165468051e-01
4.277780677102095974e-01
4.839656011428387639e-01
5.382239057242885760e-01
5.903366919365283794e-01
6.400962229271071058e-01
6.873041426091842654e-01
7.317722663670767069e-01
7.733233312153390271e-01
8.117917024210207222e-01
8.470240337722988455e-01
8.788798788614603508e-01
9.072322509454814332e-01
9.319681291524348765e-01
9.529889090158392140e-01
9.702107955409863260e-01
9.835651372363698464e-01
9.929986997786696135e-01
9.984738782203788077e-01
9.999688468941563269e-01
9.974776464163387368e-01
9.910102074427921126e-01
9.805923110824040778e-01
9.662654861260218109e-01
9.480868435005095352e-01
9.261288486078412818e-01
9.004790324567516491e-01
8.712396427384596631e-01
8.385272362373773491e-01
8.024722142015781046e-01
7.632183025251684239e-01
7.209219788147164243e-01
6.757518486236088195e-01
6.278879733408583297e-01
5.775211524135885899e-01
5.248521627644684440e-01
4.700909584360029592e-01
4.134558336521341748e-01
3.551725526334286176e-01
2.954734496346700379e-01
2.345965027923688495e-01
1.727843854740994112e-01
1.102834989112750769e-01
4.734298997155820393e-02
-1.578624201363702101e-02
-7.885254540747635432e-02
-1.416045194249517802e-01
-2.037920162901521171e-01
-2.651671383986785036e-01
-3.254852265102118336e-01
-3.845058350320108009e-01
-4.419936905055789067e-01
-4.977196294756831563e-01
-5.514615120031073348e-01
-6.030051071796143081e-01
-6.521449471151866684e-01
-6.986851459933063335e-01
-7.424401809292831000e-01
-7.832356315188903073e-01
-8.209088751292623609e-01
-8.553097351604116438e-01
-8.863010796932088153e-01
-9.137593681374367449e-01
-9.375751437008250644e-01
-9.576534697159294618e-01
-9.739143080855376944e-01
-9.862928383380027419e-01
-9.947397160206570277e-01
-9.992212694012756469e-01
-9.997196336934779382e-01
-9.962328222710067349e-01
-9.887747345870026017e-01
-9.773751007667071944e-01
-9.620793630944628472e-01
-9.429484948674370370e-01
-9.200587573381745488e-01
-8.935013957148743025e-01
-8.633822754312232561e-01
-8.298214601357257747e-01
-7.929527330827785825e-01
-7.529230638333772596e-01
-7.098920223913331995e-01
-6.640311431104316542e-01
-6.155232409081790035e-01
-5.645616825119180726e-01
-5.113496156423267269e-01
-4.560991592070162137e-01
-3.990305577323414177e-01
-3.403713034041125907e-01
-2.803552292170143345e-01
-2.192215768476914461e-01
-1.572140429672510553e-01
-9.457980779484538580e-02
-3.156854976481024422e-02
3.156854976481064667e-02
9.457980779484488620e-02
1.572140429672505557e-01
2.192215768476909465e-01
2.803552292170147231e-01
3.403713034041130348e-01
3.990305577323409736e-01
4.560991592070158251e-01
5.113496156423263939e-01
5.645616825119176285e-01
6.155232409081793366e-01
6.640311431104313211e-01
7.098920223913327554e-01
7.529230638333768155e-01
7.929527330827783604e-01
8.298214601357258857e-01
8.633822754312234782e-01
8.935013957148740804e-01
9.200587573381744377e-01
9.429484948674369260e-01
9.620793630944627362e-01
9.773751007667073054e-01
9.887747345870026017e-01
9.962328222710067349e-01
9.997196336934779382e-01
9.992212694012756469e-01
9.947397160206569167e-01
9.862928383380028530e-01
9.739143080855378054e-01
9.576534697159293508e-01
9.375751437008251754e-01
9.137593681374366339e-01
8.863010796932090374e-01
8.553097351604119769e-01
8.209088751292622499e-01
7.832356315188906404e-01
7.424401809292828780e-01
6.986851459933069997e-01
6.521449471151866684e-01
6.030051071796139750e-01
5.514615120031077788e-01
4.977196294756827677e-01
4.419936905055797949e-01
3.845058350320108564e-01
3.254852265102110564e-01
2.651671383986790032e-01
2.037920162901517285e-01
1.416045194249522521e-01
7.885254540747639596e-02
1.578624201363795429e-02
-4.734298997155771821e-02
-1.102834989112754793e-01
-1.727843854740989393e-01
-2.345965027923688218e-01
-2.954734496346691497e-01
-3.551725526334281735e-01
-4.134558336521345079e-01
-4.700909584360025151e-01
-5.248521627644684440e-01
-5.775211524135879237e-01
-6.278879733408583297e-01
-6.757518486236091526e-01
-7.209219788147160912e-01
-7.632183025251686459e-01
-8.024722142015774384e-01
-8.385272362373773491e-01
-8.712396427384598852e-01
-9.004790324567514270e-01
-9.261288486078412818e-01
-9.480868435005093131e-01
-9.662654861260218109e-01
-9.805923110824041888e-01
-9.910102074427921126e-01
-9.974776464163388479e-01
-9.999688468941563269e-01
-9.984738782203788077e-01
-9.929986997786697245e-01
-9.835651372363699574e-01
-9.702107955409862150e-01
-9.529889090158394360e-01
-9.319681291524348765e-01
-9.072322509454817663e-01
-8.788798788614604618e-01
-8.470240337722986235e-01
-8.117917024210211663e-01
-7.733233312153390271e-01
-7.317722663670774841e-01
-6.873041426091843764e-01
-6.400962229271067727e-01
-5.903366919365288235e-01
-5.382239057242884650e-01
-4.839656011428395410e-01
-4.277780677102098195e-01
-3.698852854165463611e-01
-3.105180318741693757e-01
-2.499129623703081893e-01
-1.883116664897187265e-01
-1.259597050677177255e-01
-6.310563131267307724e-02
-4.898587196589412829e-16
